1 0.32962447844228093 0.5231910946196661 0.1446453407510431 0.20779220779220778
1 0.8038942976356048 0.5269016697588126 0.11682892906815023 0.18552875695732837
1 0.6627260083449236 0.35621521335807044 0.043115438108484005 0.06307977736549167
1 0.5681502086230876 0.33673469387755106 0.048678720445062586 0.04638218923933209
1 0.4909596662030598 0.3320964749536179 0.025034770514603615 0.037105751391465686
1 0.5152990264255911 0.3311688311688312 0.03198887343532684 0.03525046382189238
1 0.43810848400556324 0.3283858998144712 0.030598052851182195 0.04081632653061225
1 0.34353268428372735 0.31539888682745826 0.030598052851182195 0.025974025974025972
1 0.3129346314325452 0.36641929499072357 0.03894297635605007 0.04638218923933209
1 0.9450625869262865 0.4721706864564007 0.04589707927677331 0.08719851576994433
